image: route1_back.pgm
resolution: 0.050000
origin: [-290.400000, -234.400000, 0.000000]
negate: 0
occupied_thresh: 0.65
free_thresh: 0.196

